0 0o246 248 250
1 0o246 248 250
2 0o246 248 250
3 0o246 248 250
4 0o246 248 250
5 0o246 248 250
6 0o246 248 250
7 0o246 248 250
8 0o246 248 250
9 0o246 248 250
10 0o246 248 250
11 0o246 248 250
12 0o246 248 250
13 0o246 248 250
14 0o246 248 250
15 0o246 248 250
16 0o246 248 250
17 0o246 248 250
18 0o246 248 250
19 0o246 248 250
20 0o246 248 250
21 0o246 248 250
22 0o246 248 250
23 0o246 248 250
24 0o246 248 250
25 0o246 248 250
26 0o246 248 250
27 0o246 248 250
28 0o246 248 250
29 0o246 248 250
30 0o246 248 250
31 0o246 248 250
32 0o246 248 250
33 0o246 248 250
34 0o246 248 250
35 0o246 248 250
36 0o246 248 250
37 0o246 248 250
38 0o246 248 250
39 0o246 248 250
40 0o246 248 250
41 0o246 248 250
42 0o246 248 250
43 0o246 248 250
44 0o246 248 250
45 0o246 248 250
46 0o246 248 250
47 0o246 248 250
48 0o246 248 250
49 0o246 248 250
50 0o246 248 250
51 0o246 248 250
52 0o246 248 250
53 0o246 248 250
54 0o246 248 250
55 0o246 248 250
56 0o246 248 250
57 0o246 248 250
58 0o246 248 250
59 0o246 248 250
60 0o246 248 250
61 0o246 248 250
62 0o246 248 250
63 0o246 248 250
0 1o246 248 250
1 1o246 248 250
2 1o246 248 250
3 1o246 248 250
4 1o246 248 250
5 1o246 248 250
6 1o246 248 250
7 1o246 248 250
8 1o246 248 250
9 1o246 248 250
10 1o246 248 250
11 1o246 248 250
12 1o246 248 250
13 1o246 248 250
14 1o246 248 250
15 1o246 248 250
16 1o246 248 250
17 1o246 248 250
18 1o246 248 250
19 1o246 248 250
20 1o246 248 250
21 1o246 248 250
22 1o246 248 250
23 1o246 248 250
24 1o246 248 250
25 1o246 248 250
26 1o246 248 250
27 1o246 248 250
28 1o246 248 250
29 1o246 248 250
30 1o246 248 250
31 1o246 248 250
32 1o246 248 250
33 1o246 248 250
34 1o246 248 250
35 1o246 248 250
36 1o246 248 250
37 1o246 248 250
38 1o246 248 250
39 1o246 248 250
40 1o246 248 250
41 1o246 248 250
42 1o246 248 250
43 1o246 248 250
44 1o246 248 250
45 1o246 248 250
46 1o246 248 250
47 1o246 248 250
48 1o246 248 250
49 1o246 248 250
50 1o246 248 250
51 1o246 248 250
52 1o246 248 250
53 1o246 248 250
54 1o246 248 250
55 1o246 248 250
56 1o246 248 250
57 1o246 248 250
58 1o246 248 250
59 1o246 248 250
60 1o246 248 250
61 1o246 248 250
62 1o246 248 250
63 1o246 248 250
0 2o246 248 250
1 2o246 248 250
2 2o246 248 250
3 2o246 248 250
4 2o246 248 250
5 2o246 248 250
6 2o246 248 250
7 2o246 248 250
8 2o246 248 250
9 2o246 248 250
10 2o246 248 250
11 2o246 248 250
12 2o246 248 250
13 2o246 248 250
14 2o246 248 250
15 2o246 248 250
16 2o246 248 250
17 2o246 248 250
18 2o246 248 250
19 2o246 248 250
20 2o246 248 250
21 2o246 248 250
22 2o246 248 250
23 2o246 248 250
24 2o246 248 250
25 2o246 248 250
26 2o246 248 250
27 2o246 248 250
28 2o246 248 250
29 2o246 248 250
30 2o246 248 250
31 2o246 248 250
32 2o246 248 250
33 2o246 248 250
34 2o246 248 250
35 2o246 248 250
36 2o246 248 250
37 2o246 248 250
38 2o246 248 250
39 2o246 248 250
40 2o246 248 250
41 2o246 248 250
42 2o246 248 250
43 2o246 248 250
44 2o246 248 250
45 2o246 248 250
46 2o246 248 250
47 2o246 248 250
48 2o246 248 250
49 2o246 248 250
50 2o246 248 250
51 2o246 248 250
52 2o246 248 250
53 2o246 248 250
54 2o246 248 250
55 2o246 248 250
56 2o246 248 250
57 2o246 248 250
58 2o246 248 250
59 2o246 248 250
60 2o246 248 250
61 2o246 248 250
62 2o246 248 250
63 2o246 248 250
0 3o246 248 250
1 3o246 248 250
2 3o240 243 246
3 3o236 240 243
4 3o235 239 243
5 3o234 238 242
6 3o234 238 242
7 3o234 238 242
8 3o234 238 242
9 3o234 238 242
10 3o234 238 242
11 3o234 238 242
12 3o234 238 242
13 3o234 238 242
14 3o234 238 242
15 3o234 238 242
16 3o234 238 242
17 3o234 238 242
18 3o234 238 242
19 3o234 238 242
20 3o234 238 242
21 3o234 238 242
22 3o234 238 242
23 3o234 238 242
24 3o234 238 242
25 3o234 238 242
26 3o234 238 242
27 3o234 238 242
28 3o234 238 242
29 3o234 238 242
30 3o234 238 242
31 3o234 238 242
32 3o234 238 242
33 3o234 238 242
34 3o234 238 242
35 3o234 238 242
36 3o234 238 242
37 3o234 238 242
38 3o234 238 242
39 3o234 238 242
40 3o234 238 242
41 3o234 238 242
42 3o234 238 242
43 3o234 238 242
44 3o234 238 242
45 3o234 238 242
46 3o234 238 242
47 3o234 238 242
48 3o234 238 242
49 3o234 238 242
50 3o234 238 242
51 3o234 238 242
52 3o234 238 242
53 3o234 238 242
54 3o234 238 242
55 3o234 238 242
56 3o234 238 242
57 3o234 238 242
58 3o234 238 242
59 3o234 238 242
60 3o234 238 242
61 3o234 238 242
62 3o234 238 242
63 3o234 238 242
0 4o244 246 249
1 4o236 240 243
2 4o234 238 242
3 4o234 238 242
4 4o234 238 242
5 4o234 238 242
6 4o234 238 242
7 4o234 238 242
8 4o234 238 242
9 4o234 238 242
10 4o234 238 242
11 4o234 238 242
12 4o234 238 242
13 4o234 238 242
14 4o234 238 242
15 4o234 238 242
16 4o234 238 242
17 4o234 238 242
18 4o234 238 242
19 4o234 238 242
20 4o234 238 242
21 4o234 238 242
22 4o234 238 242
23 4o234 238 242
24 4o234 238 242
25 4o234 238 242
26 4o234 238 242
27 4o234 238 242
28 4o234 238 242
29 4o234 238 242
30 4o234 238 242
31 4o234 238 242
32 4o234 238 242
33 4o234 238 242
34 4o234 238 242
35 4o234 238 242
36 4o234 238 242
37 4o234 238 242
38 4o234 238 242
39 4o234 238 242
40 4o234 238 242
41 4o234 238 242
42 4o234 238 242
43 4o234 238 242
44 4o234 238 242
45 4o234 238 242
46 4o234 238 242
47 4o234 238 242
48 4o234 238 242
49 4o234 238 242
50 4o234 238 242
51 4o234 238 242
52 4o234 238 242
53 4o234 238 242
54 4o234 238 242
55 4o234 238 242
56 4o234 238 242
57 4o234 238 242
58 4o234 238 242
59 4o234 238 242
60 4o234 238 242
61 4o234 238 242
62 4o234 238 242
63 4o234 238 242
0 5o236 240 243
1 5o234 238 242
2 5o234 238 242
3 5o234 238 242
4 5o234 238 242
5 5o234 238 242
6 5o234 238 242
7 5o234 238 242
8 5o234 238 242
9 5o234 238 242
10 5o234 238 242
11 5o234 238 242
12 5o234 238 242
13 5o234 238 242
14 5o234 238 242
15 5o234 238 242
16 5o234 238 242
17 5o234 238 242
18 5o234 238 242
19 5o234 238 242
20 5o234 238 242
21 5o234 238 242
22 5o234 238 242
23 5o234 238 242
24 5o234 238 242
25 5o234 238 242
26 5o234 238 242
27 5o234 238 242
28 5o234 238 242
29 5o234 238 242
30 5o234 238 242
31 5o234 238 242
32 5o234 238 242
33 5o234 238 242
34 5o234 238 242
35 5o234 238 242
36 5o234 238 242
37 5o234 238 242
38 5o234 238 242
39 5o234 238 242
40 5o234 238 242
41 5o234 238 242
42 5o234 238 242
43 5o234 238 242
44 5o234 238 242
45 5o234 238 242
46 5o234 238 242
47 5o234 238 242
48 5o234 238 242
49 5o234 238 242
50 5o234 238 242
51 5o234 238 242
52 5o234 238 242
53 5o234 238 242
54 5o234 238 242
55 5o234 238 242
56 5o234 238 242
57 5o234 238 242
58 5o234 238 242
59 5o234 238 242
60 5o234 238 242
61 5o234 238 242
62 5o234 238 242
63 5o234 238 242
0 6o234 238 242
1 6o234 238 242
2 6o234 238 242
3 6o234 238 242
4 6o234 238 242
5 6o234 238 242
6 6o234 238 242
7 6o234 238 242
8 6o234 238 242
9 6o234 238 242
10 6o234 238 242
11 6o234 238 242
12 6o234 238 242
13 6o234 238 242
14 6o234 238 242
15 6o234 238 242
16 6o234 238 242
17 6o234 238 242
18 6o234 238 242
19 6o234 238 242
20 6o234 238 242
21 6o234 238 242
22 6o234 238 242
23 6o234 238 242
24 6o234 238 242
25 6o234 238 242
26 6o234 238 242
27 6o234 238 242
28 6o234 238 242
29 6o234 238 242
30 6o234 238 242
31 6o234 238 242
32 6o234 238 242
33 6o234 238 242
34 6o234 238 242
35 6o234 238 242
36 6o234 238 242
37 6o234 238 242
38 6o234 238 242
39 6o234 238 242
40 6o234 238 242
41 6o234 238 242
42 6o234 238 242
43 6o234 238 242
44 6o234 238 242
45 6o234 238 242
46 6o234 238 242
47 6o234 238 242
48 6o234 238 242
49 6o234 238 242
50 6o234 238 242
51 6o234 238 242
52 6o234 238 242
53 6o234 238 242
54 6o234 238 242
55 6o234 238 242
56 6o234 238 242
57 6o234 238 242
58 6o234 238 242
59 6o234 238 242
60 6o234 238 242
61 6o234 238 242
62 6o234 238 242
63 6o234 238 242
0 7o234 238 242
1 7o234 238 242
2 7o234 238 242
3 7o234 238 242
4 7o234 238 242
5 7o234 238 242
6 7o234 238 242
7 7o234 238 242
8 7o234 238 242
9 7o234 238 242
10 7o234 238 242
11 7o234 238 242
12 7o234 238 242
13 7o234 238 242
14 7o234 238 242
15 7o234 238 242
16 7o234 238 242
17 7o234 238 242
18 7o234 238 242
19 7o234 238 242
20 7o234 238 242
21 7o234 238 242
22 7o234 238 242
23 7o234 238 242
24 7o234 238 242
25 7o234 238 242
26 7o234 238 242
27 7o234 238 242
28 7o234 238 242
29 7o234 238 242
30 7o234 238 242
31 7o234 238 242
32 7o234 238 242
33 7o234 238 242
34 7o234 238 242
35 7o234 238 242
36 7o234 238 242
37 7o234 238 242
38 7o234 238 242
39 7o234 238 242
40 7o234 238 242
41 7o234 238 242
42 7o234 238 242
43 7o234 238 242
44 7o234 238 242
45 7o234 238 242
46 7o234 238 242
47 7o234 238 242
48 7o234 238 242
49 7o234 238 242
50 7o234 238 242
51 7o234 238 242
52 7o234 238 242
53 7o234 238 242
54 7o234 238 242
55 7o234 238 242
56 7o234 238 242
57 7o234 238 242
58 7o234 238 242
59 7o234 238 242
60 7o234 238 242
61 7o234 238 242
62 7o234 238 242
63 7o234 238 242
0 8o234 238 242
1 8o234 238 242
2 8o234 238 242
3 8o234 238 242
4 8o234 238 242
5 8o234 238 242
6 8o234 238 242
7 8o234 238 242
8 8o234 238 242
9 8o234 238 242
10 8o234 238 242
11 8o234 238 242
12 8o234 238 242
13 8o234 238 242
14 8o234 238 242
15 8o234 238 242
16 8o234 238 242
17 8o234 238 242
18 8o234 238 242
19 8o234 238 242
20 8o234 238 242
21 8o234 238 242
22 8o234 238 242
23 8o234 238 242
24 8o234 238 242
25 8o234 238 242
26 8o234 238 242
27 8o234 238 242
28 8o234 238 242
29 8o234 238 242
30 8o234 238 242
31 8o234 238 242
32 8o234 238 242
33 8o234 238 242
34 8o234 238 242
35 8o234 238 242
36 8o234 238 242
37 8o234 238 242
38 8o234 238 242
39 8o234 238 242
40 8o234 238 242
41 8o234 238 242
42 8o234 238 242
43 8o234 238 242
44 8o234 238 242
45 8o234 238 242
46 8o234 238 242
47 8o234 238 242
48 8o234 238 242
49 8o234 238 242
50 8o234 238 242
51 8o234 238 242
52 8o234 238 242
53 8o234 238 242
54 8o234 238 242
55 8o234 238 242
56 8o234 238 242
57 8o234 238 242
58 8o234 238 242
59 8o234 238 242
60 8o234 238 242
61 8o234 238 242
62 8o234 238 242
63 8o234 238 242
0 9o234 238 242
1 9o234 238 242
2 9o234 238 242
3 9o234 238 242
4 9o234 238 242
5 9o234 238 242
6 9o234 238 242
7 9o234 238 242
8 9o234 238 242
9 9o234 238 242
10 9o234 238 242
11 9o234 238 242
12 9o234 238 242
13 9o234 238 242
14 9o234 238 242
15 9o234 238 242
16 9o234 238 242
17 9o234 238 242
18 9o234 238 242
19 9o234 238 242
20 9o234 238 242
21 9o234 238 242
22 9o234 238 242
23 9o234 238 242
24 9o234 238 242
25 9o234 238 242
26 9o234 238 242
27 9o234 238 242
28 9o234 238 242
29 9o234 238 242
30 9o234 238 242
31 9o234 238 242
32 9o234 238 242
33 9o234 238 242
34 9o234 238 242
35 9o234 238 242
36 9o234 238 242
37 9o234 238 242
38 9o234 238 242
39 9o234 238 242
40 9o234 238 242
41 9o234 238 242
42 9o234 238 242
43 9o234 238 242
44 9o234 238 242
45 9o234 238 242
46 9o234 238 242
47 9o234 238 242
48 9o234 238 242
49 9o234 238 242
50 9o234 238 242
51 9o234 238 242
52 9o234 238 242
53 9o234 238 242
54 9o234 238 242
55 9o234 238 242
56 9o234 238 242
57 9o234 238 242
58 9o234 238 242
59 9o234 238 242
60 9o234 238 242
61 9o234 238 242
62 9o234 238 242
63 9o234 238 242
0 10o234 238 242
1 10o234 238 242
2 10o234 238 242
3 10o234 238 242
4 10o234 238 242
5 10o234 238 242
6 10o234 238 242
7 10o234 238 242
8 10o234 238 242
9 10o234 238 242
10 10o234 238 242
11 10o234 238 242
12 10o234 238 242
13 10o234 238 242
14 10o234 238 242
15 10o234 238 242
16 10o234 238 242
17 10o234 238 242
18 10o234 238 242
19 10o234 238 242
20 10o234 238 242
21 10o234 238 242
22 10o234 238 242
23 10o234 238 242
24 10o234 238 242
25 10o234 238 242
26 10o234 238 242
27 10o234 238 242
28 10o234 238 242
29 10o234 238 242
30 10o234 238 242
31 10o234 238 242
32 10o234 238 242
33 10o234 238 242
34 10o234 238 242
35 10o234 238 242
36 10o234 238 242
37 10o234 238 242
38 10o234 238 242
39 10o234 238 242
40 10o234 238 242
41 10o234 238 242
42 10o234 238 242
43 10o234 238 242
44 10o234 238 242
45 10o234 238 242
46 10o234 238 242
47 10o234 238 242
48 10o234 238 242
49 10o234 238 242
50 10o234 238 242
51 10o234 238 242
52 10o234 238 242
53 10o234 238 242
54 10o234 238 242
55 10o234 238 242
56 10o234 238 242
57 10o234 238 242
58 10o234 238 242
59 10o234 238 242
60 10o234 238 242
61 10o234 238 242
62 10o234 238 242
63 10o234 238 242
0 11o234 238 242
1 11o234 238 242
2 11o234 238 242
3 11o234 238 242
4 11o234 238 242
5 11o234 238 242
6 11o234 238 242
7 11o234 238 242
8 11o234 238 242
9 11o234 238 242
10 11o234 238 242
11 11o234 238 242
12 11o31 128 197
13 11o31 35 40
14 11o31 35 40
15 11o31 35 40
16 11o189 128 40
17 11o234 238 242
18 11o234 238 242
19 11o162 216 242
20 11o136 35 98
21 11o234 238 197
22 11o234 238 242
23 11o215 238 242
24 11o96 93 164
25 11o234 216 164
26 11o234 238 242
27 11o234 238 242
28 11o31 128 197
29 11o215 160 98
30 11o234 238 242
31 11o162 216 242
32 11o136 35 98
33 11o31 128 131
34 11o31 35 40
35 11o31 35 40
36 11o162 93 40
37 11o234 238 223
38 11o162 216 242
39 11o136 35 98
40 11o234 238 197
41 11o234 238 242
42 11o234 238 242
43 11o96 160 223
44 11o31 35 40
45 11o31 35 40
46 11o31 35 40
47 11o96 35 40
48 11o234 216 164
49 11o234 238 242
50 11o234 238 242
51 11o234 238 242
52 11o234 238 242
53 11o234 238 242
54 11o234 238 242
55 11o234 238 242
56 11o234 238 242
57 11o234 238 242
58 11o234 238 242
59 11o234 238 242
60 11o234 238 242
61 11o234 238 242
62 11o234 238 242
63 11o234 238 242
0 12o234 238 242
1 12o234 238 242
2 12o234 238 242
3 12o234 238 242
4 12o234 238 242
5 12o234 238 242
6 12o234 238 242
7 12o234 238 242
8 12o234 238 242
9 12o234 238 242
10 12o234 238 242
11 12o234 238 242
12 12o234 238 242
13 12o234 238 242
14 12o234 238 242
15 12o215 238 242
16 12o31 93 164
17 12o215 160 98
18 12o234 238 242
19 12o162 216 242
20 12o136 35 98
21 12o234 238 197
22 12o234 238 242
23 12o215 238 242
24 12o96 93 164
25 12o234 216 164
26 12o234 238 242
27 12o234 238 242
28 12o31 128 197
29 12o215 160 98
30 12o234 238 242
31 12o162 216 242
32 12o31 35 98
33 12o234 190 131
34 12o234 238 242
35 12o215 238 242
36 12o31 93 164
37 12o234 190 131
38 12o162 216 242
39 12o136 35 98
40 12o234 238 197
41 12o234 238 242
42 12o136 190 242
43 12o136 35 40
44 12o234 238 197
45 12o234 238 242
46 12o189 238 242
47 12o96 35 131
48 12o234 216 164
49 12o234 238 242
50 12o234 238 242
51 12o234 238 242
52 12o234 238 242
53 12o234 238 242
54 12o234 238 242
55 12o234 238 242
56 12o234 238 242
57 12o234 238 242
58 12o234 238 242
59 12o234 238 242
60 12o234 238 242
61 12o234 238 242
62 12o234 238 242
63 12o234 238 242
0 13o234 238 242
1 13o234 238 242
2 13o234 238 242
3 13o234 238 242
4 13o234 238 242
5 13o234 238 242
6 13o234 238 242
7 13o234 238 242
8 13o234 238 242
9 13o234 238 242
10 13o234 238 242
11 13o234 238 242
12 13o234 238 242
13 13o234 238 242
14 13o234 238 242
15 13o234 238 242
16 13o162 216 242
17 13o162 93 98
18 13o234 238 223
19 13o162 216 242
20 13o136 35 98
21 13o234 238 197
22 13o234 238 242
23 13o215 238 242
24 13o96 93 164
25 13o234 216 164
26 13o234 238 242
27 13o234 238 242
28 13o31 128 197
29 13o215 160 98
30 13o234 238 242
31 13o162 216 242
32 13o136 35 98
33 13o234 238 197
34 13o234 238 242
35 13o189 238 242
36 13o96 35 131
37 13o234 216 164
38 13o162 216 242
39 13o136 35 98
40 13o234 238 197
41 13o234 238 242
42 13o31 128 197
43 13o215 160 98
44 13o234 238 242
45 13o234 238 242
46 13o189 238 242
47 13o96 35 131
48 13o234 216 164
49 13o234 238 242
50 13o234 238 242
51 13o234 238 242
52 13o234 238 242
53 13o234 238 242
54 13o234 238 242
55 13o234 238 242
56 13o234 238 242
57 13o234 238 242
58 13o234 238 242
59 13o234 238 242
60 13o234 238 242
61 13o234 238 242
62 13o234 238 242
63 13o234 238 242
0 14o234 238 242
1 14o234 238 242
2 14o234 238 242
3 14o234 238 242
4 14o234 238 242
5 14o234 238 242
6 14o234 238 242
7 14o234 238 242
8 14o234 238 242
9 14o234 238 242
10 14o234 238 242
11 14o162 216 242
12 14o31 35 98
13 14o31 35 40
14 14o31 35 40
15 14o31 35 40
16 14o31 35 40
17 14o136 35 40
18 14o234 238 197
19 14o162 216 242
20 14o136 35 98
21 14o234 238 197
22 14o234 238 242
23 14o215 238 242
24 14o96 93 164
25 14o234 216 164
26 14o234 238 242
27 14o234 238 242
28 14o31 128 197
29 14o215 160 98
30 14o234 238 242
31 14o162 216 242
32 14o31 35 98
33 14o31 35 40
34 14o31 35 40
35 14o96 35 40
36 14o234 216 164
37 14o234 238 242
38 14o162 216 242
39 14o136 35 98
40 14o234 238 197
41 14o234 238 242
42 14o31 128 197
43 14o234 190 131
44 14o234 238 242
45 14o234 238 242
46 14o189 238 242
47 14o96 35 131
48 14o234 216 164
49 14o234 238 242
50 14o234 238 242
51 14o234 238 242
52 14o234 238 242
53 14o234 238 242
54 14o234 238 242
55 14o234 238 242
56 14o234 238 242
57 14o234 238 242
58 14o234 238 242
59 14o234 238 242
60 14o234 238 242
61 14o234 238 242
62 14o234 238 242
63 14o234 238 242
0 15o234 238 242
1 15o234 238 242
2 15o234 238 242
3 15o234 238 242
4 15o234 238 242
5 15o234 238 242
6 15o234 238 242
7 15o234 238 242
8 15o234 238 242
9 15o234 238 242
10 15o234 238 242
11 15o189 238 242
12 15o136 35 131
13 15o234 238 197
14 15o234 238 242
15 15o234 238 242
16 15o136 190 242
17 15o162 93 40
18 15o234 238 223
19 15o162 216 242
20 15o136 35 98
21 15o234 238 197
22 15o234 238 242
23 15o189 238 242
24 15o31 35 131
25 15o234 190 131
26 15o234 238 242
27 15o234 238 242
28 15o31 128 197
29 15o215 160 98
30 15o234 238 242
31 15o162 216 242
32 15o136 35 98
33 15o234 238 197
34 15o234 238 242
35 15o234 238 242
36 15o234 238 242
37 15o234 238 242
38 15o162 216 242
39 15o136 35 98
40 15o234 238 197
41 15o234 238 242
42 15o136 190 242
43 15o136 35 40
44 15o234 238 197
45 15o234 238 242
46 15o189 238 242
47 15o96 35 131
48 15o234 216 164
49 15o234 238 242
50 15o234 238 242
51 15o234 238 242
52 15o234 238 242
53 15o234 238 242
54 15o234 238 242
55 15o234 238 242
56 15o234 238 242
57 15o234 238 242
58 15o234 238 242
59 15o234 238 242
60 15o234 238 242
61 15o234 238 242
62 15o234 238 242
63 15o234 238 242
0 16o234 238 242
1 16o234 238 242
2 16o234 238 242
3 16o234 238 242
4 16o234 238 242
5 16o234 238 242
6 16o234 238 242
7 16o234 238 242
8 16o234 238 242
9 16o234 238 242
10 16o234 238 242
11 16o234 238 242
12 16o31 128 197
13 16o215 160 98
14 16o234 238 242
15 16o215 238 242
16 16o31 93 164
17 16o215 160 98
18 16o234 238 242
19 16o189 238 242
20 16o31 35 131
21 16o234 190 131
22 16o234 238 242
23 16o96 160 223
24 16o31 35 40
25 16o189 128 40
26 16o234 238 242
27 16o136 190 242
28 16o31 35 40
29 16o215 160 98
30 16o234 238 242
31 16o189 238 242
32 16o31 35 131
33 16o234 190 131
34 16o234 238 242
35 16o189 238 242
36 16o189 128 131
37 16o234 238 242
38 16o162 216 242
39 16o136 35 98
40 16o234 238 197
41 16o234 238 242
42 16o234 238 242
43 16o162 216 242
44 16o31 35 98
45 16o31 35 40
46 16o31 35 40
47 16o96 35 40
48 16o234 216 164
49 16o234 238 242
50 16o234 238 242
51 16o234 238 242
52 16o234 238 242
53 16o234 238 242
54 16o234 238 242
55 16o234 238 242
56 16o234 238 242
57 16o234 238 242
58 16o234 238 242
59 16o234 238 242
60 16o234 238 242
61 16o234 238 242
62 16o234 238 242
63 16o234 238 242
0 17o234 238 242
1 17o234 238 242
2 17o234 238 242
3 17o234 238 242
4 17o234 238 242
5 17o234 238 242
6 17o234 238 242
7 17o234 238 242
8 17o234 238 242
9 17o234 238 242
10 17o234 238 242
11 17o234 238 242
12 17o189 238 242
13 17o31 35 131
14 17o31 35 40
15 17o31 35 40
16 17o215 160 98
17 17o234 238 242
18 17o234 238 242
19 17o234 238 242
20 17o96 160 223
21 17o31 35 40
22 17o31 35 40
23 17o215 160 98
24 17o189 238 242
25 17o31 35 131
26 17o31 35 40
27 17o189 128 40
28 17o31 128 197
29 17o215 160 98
30 17o234 238 242
31 17o234 238 242
32 17o96 160 223
33 17o31 35 40
34 17o31 35 40
35 17o31 35 40
36 17o234 190 131
37 17o234 238 242
38 17o162 216 242
39 17o136 35 98
40 17o234 238 197
41 17o234 238 242
42 17o215 238 242
43 17o31 93 164
44 17o234 190 131
45 17o234 238 242
46 17o189 238 242
47 17o96 35 131
48 17o234 216 164
49 17o234 238 242
50 17o234 238 242
51 17o234 238 242
52 17o234 238 242
53 17o234 238 242
54 17o234 238 242
55 17o234 238 242
56 17o234 238 242
57 17o234 238 242
58 17o234 238 242
59 17o234 238 242
60 17o234 238 242
61 17o234 238 242
62 17o234 238 242
63 17o234 238 242
0 18o234 238 242
1 18o234 238 242
2 18o234 238 242
3 18o234 238 242
4 18o234 238 242
5 18o234 238 242
6 18o234 238 242
7 18o234 238 242
8 18o234 238 242
9 18o234 238 242
10 18o234 238 242
11 18o234 238 242
12 18o234 238 242
13 18o234 238 242
14 18o234 238 242
15 18o234 238 242
16 18o234 238 242
17 18o234 238 242
18 18o234 238 242
19 18o234 238 242
20 18o234 238 242
21 18o234 238 242
22 18o234 238 242
23 18o234 238 242
24 18o234 238 242
25 18o234 238 242
26 18o234 238 242
27 18o234 238 242
28 18o234 238 242
29 18o234 238 242
30 18o234 238 242
31 18o234 238 242
32 18o234 238 242
33 18o234 238 242
34 18o234 238 242
35 18o234 238 242
36 18o234 238 242
37 18o234 238 242
38 18o162 216 242
39 18o136 35 98
40 18o234 238 197
41 18o234 238 242
42 18o136 190 242
43 18o162 93 40
44 18o234 238 223
45 18o234 238 242
46 18o189 238 242
47 18o96 35 131
48 18o234 216 164
49 18o234 238 242
50 18o234 238 242
51 18o234 238 242
52 18o234 238 242
53 18o234 238 242
54 18o234 238 242
55 18o234 238 242
56 18o234 238 242
57 18o234 238 242
58 18o234 238 242
59 18o234 238 242
60 18o234 238 242
61 18o234 238 242
62 18o234 238 242
63 18o234 238 242
0 19o234 238 242
1 19o234 238 242
2 19o234 238 242
3 19o234 238 242
4 19o234 238 242
5 19o234 238 242
6 19o234 238 242
7 19o234 238 242
8 19o234 238 242
9 19o234 238 242
10 19o234 238 242
11 19o234 238 242
12 19o234 238 242
13 19o234 238 242
14 19o234 238 242
15 19o234 238 242
16 19o234 238 242
17 19o234 238 242
18 19o234 238 242
19 19o234 238 242
20 19o234 238 242
21 19o234 238 242
22 19o234 238 242
23 19o234 238 242
24 19o234 238 242
25 19o234 238 242
26 19o234 238 242
27 19o234 238 242
28 19o234 238 242
29 19o234 238 242
30 19o234 238 242
31 19o234 238 242
32 19o234 238 242
33 19o234 238 242
34 19o234 238 242
35 19o234 238 242
36 19o234 238 242
37 19o234 238 242
38 19o162 216 242
39 19o136 35 98
40 19o234 238 197
41 19o234 238 242
42 19o162 216 242
43 19o96 35 98
44 19o234 216 164
45 19o234 238 242
46 19o189 238 242
47 19o96 35 131
48 19o234 216 164
49 19o234 238 242
50 19o234 238 242
51 19o234 238 242
52 19o234 238 242
53 19o234 238 242
54 19o234 238 242
55 19o234 238 242
56 19o234 238 242
57 19o234 238 242
58 19o234 238 242
59 19o234 238 242
60 19o234 238 242
61 19o234 238 242
62 19o234 238 242
63 19o234 238 242
0 20o234 238 242
1 20o234 238 242
2 20o234 238 242
3 20o234 238 242
4 20o234 238 242
5 20o234 238 242
6 20o234 238 242
7 20o234 238 242
8 20o234 238 242
9 20o234 238 242
10 20o234 238 242
11 20o234 238 242
12 20o234 238 242
13 20o234 238 242
14 20o234 238 242
15 20o234 238 242
16 20o234 238 242
17 20o234 238 242
18 20o234 238 242
19 20o234 238 242
20 20o234 238 242
21 20o234 238 242
22 20o234 238 242
23 20o234 238 242
24 20o234 238 242
25 20o234 238 242
26 20o234 238 242
27 20o234 238 242
28 20o234 238 242
29 20o234 238 242
30 20o234 238 242
31 20o234 238 242
32 20o234 238 242
33 20o234 238 242
34 20o234 238 242
35 20o234 238 242
36 20o234 238 242
37 20o234 238 242
38 20o162 216 242
39 20o136 35 98
40 20o234 238 197
41 20o234 238 242
42 20o234 238 242
43 20o96 160 223
44 20o31 35 40
45 20o31 35 40
46 20o31 35 40
47 20o96 35 40
48 20o234 216 164
49 20o234 238 242
50 20o234 238 242
51 20o234 238 242
52 20o234 238 242
53 20o234 238 242
54 20o234 238 242
55 20o234 238 242
56 20o234 238 242
57 20o234 238 242
58 20o234 238 242
59 20o234 238 242
60 20o234 238 242
61 20o234 238 242
62 20o234 238 242
63 20o234 238 242
0 21o234 238 242
1 21o234 238 242
2 21o234 238 242
3 21o234 238 242
4 21o234 238 242
5 21o234 238 242
6 21o234 238 242
7 21o234 238 242
8 21o234 238 242
9 21o234 238 242
10 21o234 238 242
11 21o234 238 242
12 21o234 238 242
13 21o234 238 242
14 21o234 238 242
15 21o234 238 242
16 21o234 238 242
17 21o234 238 242
18 21o234 238 242
19 21o234 238 242
20 21o234 238 242
21 21o234 238 242
22 21o234 238 242
23 21o234 238 242
24 21o234 238 242
25 21o234 238 242
26 21o234 238 242
27 21o234 238 242
28 21o234 238 242
29 21o234 238 242
30 21o234 238 242
31 21o234 238 242
32 21o234 238 242
33 21o234 238 242
34 21o234 238 242
35 21o234 238 242
36 21o234 238 242
37 21o234 238 242
38 21o234 238 242
39 21o234 238 242
40 21o234 238 242
41 21o234 238 242
42 21o234 238 242
43 21o234 238 242
44 21o234 238 242
45 21o234 238 242
46 21o234 238 242
47 21o234 238 242
48 21o234 238 242
49 21o234 238 242
50 21o234 238 242
51 21o234 238 242
52 21o234 238 242
53 21o234 238 242
54 21o234 238 242
55 21o234 238 242
56 21o234 238 242
57 21o234 238 242
58 21o234 238 242
59 21o234 238 242
60 21o234 238 242
61 21o234 238 242
62 21o234 238 242
63 21o234 238 242
0 22o234 238 242
1 22o234 238 242
2 22o234 238 242
3 22o234 238 242
4 22o234 238 242
5 22o234 238 242
6 22o234 238 242
7 22o234 238 242
8 22o234 238 242
9 22o234 238 242
10 22o234 238 242
11 22o234 238 242
12 22o234 238 242
13 22o234 238 242
14 22o234 238 242
15 22o234 238 242
16 22o234 238 242
17 22o234 238 242
18 22o234 238 242
19 22o234 238 242
20 22o234 238 242
21 22o234 238 242
22 22o234 238 242
23 22o234 238 242
24 22o234 238 242
25 22o234 238 242
26 22o234 238 242
27 22o234 238 242
28 22o234 238 242
29 22o234 238 242
30 22o234 238 242
31 22o234 238 242
32 22o234 238 242
33 22o234 238 242
34 22o234 238 242
35 22o234 238 242
36 22o234 238 242
37 22o234 238 242
38 22o234 238 242
39 22o234 238 242
40 22o234 238 242
41 22o234 238 242
42 22o234 238 242
43 22o234 238 242
44 22o234 238 242
45 22o234 238 242
46 22o234 238 242
47 22o234 238 242
48 22o234 238 242
49 22o234 238 242
50 22o234 238 242
51 22o234 238 242
52 22o234 238 242
53 22o234 238 242
54 22o234 238 242
55 22o234 238 242
56 22o234 238 242
57 22o234 238 242
58 22o234 238 242
59 22o234 238 242
60 22o234 238 242
61 22o234 238 242
62 22o234 238 242
63 22o234 238 242
0 23o234 238 242
1 23o234 238 242
2 23o234 238 242
3 23o234 238 242
4 23o234 238 242
5 23o234 238 242
6 23o234 238 242
7 23o234 238 242
8 23o234 238 242
9 23o234 238 242
10 23o234 238 242
11 23o234 238 242
12 23o234 238 242
13 23o234 238 242
14 23o234 238 242
15 23o234 238 242
16 23o234 238 242
17 23o234 238 242
18 23o234 238 242
19 23o234 238 242
20 23o234 238 242
21 23o234 238 242
22 23o234 238 242
23 23o234 238 242
24 23o234 238 242
25 23o234 238 242
26 23o234 238 242
27 23o234 238 242
28 23o234 238 242
29 23o234 238 242
30 23o234 238 242
31 23o234 238 242
32 23o234 238 242
33 23o234 238 242
34 23o234 238 242
35 23o234 238 242
36 23o234 238 242
37 23o234 238 242
38 23o234 238 242
39 23o234 238 242
40 23o234 238 242
41 23o234 238 242
42 23o234 238 242
43 23o234 238 242
44 23o234 238 242
45 23o234 238 242
46 23o234 238 242
47 23o234 238 242
48 23o234 238 242
49 23o234 238 242
50 23o234 238 242
51 23o234 238 242
52 23o234 238 242
53 23o234 238 242
54 23o234 238 242
55 23o234 238 242
56 23o234 238 242
57 23o234 238 242
58 23o234 238 242
59 23o234 238 242
60 23o234 238 242
61 23o234 238 242
62 23o234 238 242
63 23o234 238 242
0 24o234 238 242
1 24o234 238 242
2 24o234 238 242
3 24o234 238 242
4 24o234 238 242
5 24o234 238 242
6 24o234 238 242
7 24o234 238 242
8 24o234 238 242
9 24o234 238 242
10 24o234 238 242
11 24o234 238 242
12 24o234 238 242
13 24o234 238 242
14 24o234 238 242
15 24o234 238 242
16 24o234 238 242
17 24o234 238 242
18 24o234 238 242
19 24o234 238 242
20 24o234 238 242
21 24o234 238 242
22 24o234 238 242
23 24o234 238 242
24 24o234 238 242
25 24o234 238 242
26 24o234 238 242
27 24o234 238 242
28 24o234 238 242
29 24o234 238 242
30 24o234 238 242
31 24o234 238 242
32 24o234 238 242
33 24o234 238 242
34 24o234 238 242
35 24o234 238 242
36 24o234 238 242
37 24o234 238 242
38 24o234 238 242
39 24o234 238 242
40 24o234 238 242
41 24o234 238 242
42 24o234 238 242
43 24o234 238 242
44 24o234 238 242
45 24o234 238 242
46 24o234 238 242
47 24o234 238 242
48 24o234 238 242
49 24o234 238 242
50 24o234 238 242
51 24o234 238 242
52 24o234 238 242
53 24o234 238 242
54 24o234 238 242
55 24o234 238 242
56 24o234 238 242
57 24o234 238 242
58 24o234 238 242
59 24o234 238 242
60 24o234 238 242
61 24o234 238 242
62 24o234 238 242
63 24o234 238 242
0 25o234 238 242
1 25o234 238 242
2 25o234 238 242
3 25o234 238 242
4 25o234 238 242
5 25o234 238 242
6 25o234 238 242
7 25o234 238 242
8 25o234 238 242
9 25o234 238 242
10 25o234 238 242
11 25o234 238 242
12 25o234 238 242
13 25o234 238 242
14 25o234 238 242
15 25o234 238 242
16 25o234 238 242
17 25o234 238 242
18 25o234 238 242
19 25o234 238 242
20 25o234 238 242
21 25o234 238 242
22 25o234 238 242
23 25o234 238 242
24 25o234 238 242
25 25o234 238 242
26 25o234 238 242
27 25o234 238 242
28 25o234 238 242
29 25o234 238 242
30 25o234 238 242
31 25o234 238 242
32 25o234 238 242
33 25o234 238 242
34 25o234 238 242
35 25o234 238 242
36 25o234 238 242
37 25o234 238 242
38 25o234 238 242
39 25o234 238 242
40 25o234 238 242
41 25o234 238 242
42 25o234 238 242
43 25o234 238 242
44 25o234 238 242
45 25o234 238 242
46 25o234 238 242
47 25o234 238 242
48 25o234 238 242
49 25o234 238 242
50 25o234 238 242
51 25o234 238 242
52 25o234 238 242
53 25o234 238 242
54 25o234 238 242
55 25o234 238 242
56 25o234 238 242
57 25o234 238 242
58 25o234 238 242
59 25o234 238 242
60 25o234 238 242
61 25o234 238 242
62 25o234 238 242
63 25o234 238 242
0 26o234 238 242
1 26o234 238 242
2 26o234 238 242
3 26o234 238 242
4 26o234 238 242
5 26o234 238 242
6 26o234 238 242
7 26o234 238 242
8 26o234 238 242
9 26o234 238 242
10 26o234 238 242
11 26o234 238 242
12 26o234 238 242
13 26o234 238 242
14 26o234 238 242
15 26o234 238 242
16 26o234 238 242
17 26o234 238 242
18 26o234 238 242
19 26o234 238 242
20 26o234 238 242
21 26o234 238 242
22 26o234 238 242
23 26o234 238 242
24 26o234 238 242
25 26o234 238 242
26 26o234 238 242
27 26o234 238 242
28 26o234 238 242
29 26o234 238 242
30 26o234 238 242
31 26o234 238 242
32 26o234 238 242
33 26o234 238 242
34 26o234 238 242
35 26o234 238 242
36 26o234 238 242
37 26o234 238 242
38 26o234 238 242
39 26o234 238 242
40 26o234 238 242
41 26o234 238 242
42 26o234 238 242
43 26o234 238 242
44 26o234 238 242
45 26o234 238 242
46 26o234 238 242
47 26o234 238 242
48 26o234 238 242
49 26o234 238 242
50 26o234 238 242
51 26o234 238 242
52 26o234 238 242
53 26o234 238 242
54 26o234 238 242
55 26o234 238 242
56 26o234 238 242
57 26o234 238 242
58 26o234 238 242
59 26o234 238 242
60 26o234 238 242
61 26o234 238 242
62 26o234 238 242
63 26o234 238 242
0 27o234 238 242
1 27o234 238 242
2 27o234 238 242
3 27o234 238 242
4 27o234 238 242
5 27o234 238 242
6 27o234 238 242
7 27o234 238 242
8 27o234 238 242
9 27o234 238 242
10 27o234 238 242
11 27o234 238 242
12 27o234 238 242
13 27o234 238 242
14 27o234 238 242
15 27o234 238 242
16 27o234 238 242
17 27o234 238 242
18 27o234 238 242
19 27o234 238 242
20 27o234 238 242
21 27o234 238 242
22 27o234 238 242
23 27o234 238 242
24 27o234 238 242
25 27o234 238 242
26 27o234 238 242
27 27o234 238 242
28 27o234 238 242
29 27o234 238 242
30 27o234 238 242
31 27o234 238 242
32 27o234 238 242
33 27o234 238 242
34 27o234 238 242
35 27o234 238 242
36 27o234 238 242
37 27o234 238 242
38 27o234 238 242
39 27o234 238 242
40 27o234 238 242
41 27o234 238 242
42 27o234 238 242
43 27o234 238 242
44 27o234 238 242
45 27o234 238 242
46 27o234 238 242
47 27o234 238 242
48 27o234 238 242
49 27o234 238 242
50 27o234 238 242
51 27o234 238 242
52 27o234 238 242
53 27o234 238 242
54 27o234 238 242
55 27o234 238 242
56 27o234 238 242
57 27o234 238 242
58 27o234 238 242
59 27o234 238 242
60 27o234 238 242
61 27o234 238 242
62 27o234 238 242
63 27o234 238 242
0 28o236 240 243
1 28o234 238 242
2 28o234 238 242
3 28o234 238 242
4 28o234 238 242
5 28o234 238 242
6 28o234 238 242
7 28o234 238 242
8 28o234 238 242
9 28o234 238 242
10 28o234 238 242
11 28o234 238 242
12 28o234 238 242
13 28o234 238 242
14 28o234 238 242
15 28o234 238 242
16 28o234 238 242
17 28o234 238 242
18 28o234 238 242
19 28o234 238 242
20 28o234 238 242
21 28o234 238 242
22 28o234 238 242
23 28o234 238 242
24 28o234 238 242
25 28o234 238 242
26 28o234 238 242
27 28o234 238 242
28 28o234 238 242
29 28o234 238 242
30 28o234 238 242
31 28o234 238 242
32 28o234 238 242
33 28o234 238 242
34 28o234 238 242
35 28o234 238 242
36 28o234 238 242
37 28o234 238 242
38 28o234 238 242
39 28o234 238 242
40 28o234 238 242
41 28o234 238 242
42 28o234 238 242
43 28o234 238 242
44 28o234 238 242
45 28o234 238 242
46 28o234 238 242
47 28o234 238 242
48 28o234 238 242
49 28o234 238 242
50 28o234 238 242
51 28o234 238 242
52 28o234 238 242
53 28o234 238 242
54 28o234 238 242
55 28o234 238 242
56 28o234 238 242
57 28o234 238 242
58 28o234 238 242
59 28o234 238 242
60 28o234 238 242
61 28o234 238 242
62 28o234 238 242
63 28o234 238 242
0 29o244 246 249
1 29o236 240 243
2 29o234 238 242
3 29o234 238 242
4 29o234 238 242
5 29o234 238 242
6 29o234 238 242
7 29o234 238 242
8 29o234 238 242
9 29o234 238 242
10 29o234 238 242
11 29o234 238 242
12 29o234 238 242
13 29o234 238 242
14 29o234 238 242
15 29o234 238 242
16 29o234 238 242
17 29o234 238 242
18 29o234 238 242
19 29o234 238 242
20 29o234 238 242
21 29o234 238 242
22 29o234 238 242
23 29o234 238 242
24 29o234 238 242
25 29o234 238 242
26 29o234 238 242
27 29o234 238 242
28 29o234 238 242
29 29o234 238 242
30 29o234 238 242
31 29o234 238 242
32 29o234 238 242
33 29o234 238 242
34 29o234 238 242
35 29o234 238 242
36 29o234 238 242
37 29o234 238 242
38 29o234 238 242
39 29o234 238 242
40 29o234 238 242
41 29o234 238 242
42 29o234 238 242
43 29o234 238 242
44 29o234 238 242
45 29o234 238 242
46 29o234 238 242
47 29o234 238 242
48 29o234 238 242
49 29o234 238 242
50 29o234 238 242
51 29o234 238 242
52 29o234 238 242
53 29o234 238 242
54 29o234 238 242
55 29o234 238 242
56 29o234 238 242
57 29o234 238 242
58 29o234 238 242
59 29o234 238 242
60 29o234 238 242
61 29o234 238 242
62 29o234 238 242
63 29o234 238 242
0 30o246 248 250
1 30o246 248 250
2 30o240 243 246
3 30o236 240 243
4 30o235 239 243
5 30o234 238 242
6 30o234 238 242
7 30o234 238 242
8 30o234 238 242
9 30o234 238 242
10 30o234 238 242
11 30o234 238 242
12 30o234 238 242
13 30o234 238 242
14 30o234 238 242
15 30o234 238 242
16 30o234 238 242
17 30o234 238 242
18 30o234 238 242
19 30o234 238 242
20 30o234 238 242
21 30o234 238 242
22 30o234 238 242
23 30o234 238 242
24 30o234 238 242
25 30o234 238 242
26 30o234 238 242
27 30o234 238 242
28 30o234 238 242
29 30o234 238 242
30 30o234 238 242
31 30o234 238 242
32 30o234 238 242
33 30o234 238 242
34 30o234 238 242
35 30o234 238 242
36 30o234 238 242
37 30o234 238 242
38 30o234 238 242
39 30o234 238 242
40 30o234 238 242
41 30o234 238 242
42 30o234 238 242
43 30o234 238 242
44 30o234 238 242
45 30o234 238 242
46 30o234 238 242
47 30o234 238 242
48 30o234 238 242
49 30o234 238 242
50 30o234 238 242
51 30o234 238 242
52 30o234 238 242
53 30o234 238 242
54 30o234 238 242
55 30o234 238 242
56 30o234 238 242
57 30o234 238 242
58 30o234 238 242
59 30o234 238 242
60 30o234 238 242
61 30o234 238 242
62 30o234 238 242
63 30o234 238 242
0 31o246 248 250
1 31o246 248 250
2 31o246 248 250
3 31o246 248 250
4 31o246 248 250
5 31o246 248 250
6 31o246 248 250
7 31o246 248 250
8 31o246 248 250
9 31o246 248 250
10 31o246 248 250
11 31o246 248 250
12 31o246 248 250
13 31o246 248 250
14 31o246 248 250
15 31o246 248 250
16 31o246 248 250
17 31o246 248 250
18 31o246 248 250
19 31o246 248 250
20 31o246 248 250
21 31o246 248 250
22 31o246 248 250
23 31o246 248 250
24 31o246 248 250
25 31o246 248 250
26 31o246 248 250
27 31o246 248 250
28 31o246 248 250
29 31o246 248 250
30 31o246 248 250
31 31o246 248 250
32 31o246 248 250
33 31o246 248 250
34 31o246 248 250
35 31o246 248 250
36 31o246 248 250
37 31o246 248 250
38 31o246 248 250
39 31o246 248 250
40 31o246 248 250
41 31o246 248 250
42 31o246 248 250
43 31o246 248 250
44 31o246 248 250
45 31o246 248 250
46 31o246 248 250
47 31o246 248 250
48 31o246 248 250
49 31o246 248 250
50 31o246 248 250
51 31o246 248 250
52 31o246 248 250
53 31o246 248 250
54 31o246 248 250
55 31o246 248 250
56 31o246 248 250
57 31o246 248 250
58 31o246 248 250
59 31o246 248 250
60 31o246 248 250
61 31o246 248 250
62 31o246 248 250
63 31o246 248 250
0 32o246 248 250
1 32o246 248 250
2 32o246 248 250
3 32o246 248 250
4 32o246 248 250
5 32o246 248 250
6 32o246 248 250
7 32o246 248 250
8 32o246 248 250
9 32o246 248 250
10 32o246 248 250
11 32o246 248 250
12 32o246 248 250
13 32o246 248 250
14 32o246 248 250
15 32o246 248 250
16 32o246 248 250
17 32o246 248 250
18 32o246 248 250
19 32o246 248 250
20 32o246 248 250
21 32o246 248 250
22 32o246 248 250
23 32o246 248 250
24 32o246 248 250
25 32o246 248 250
26 32o246 248 250
27 32o246 248 250
28 32o246 248 250
29 32o246 248 250
30 32o246 248 250
31 32o246 248 250
32 32o246 248 250
33 32o246 248 250
34 32o246 248 250
35 32o246 248 250
36 32o246 248 250
37 32o246 248 250
38 32o246 248 250
39 32o246 248 250
40 32o246 248 250
41 32o246 248 250
42 32o246 248 250
43 32o246 248 250
44 32o246 248 250
45 32o246 248 250
46 32o246 248 250
47 32o246 248 250
48 32o246 248 250
49 32o246 248 250
50 32o246 248 250
51 32o246 248 250
52 32o246 248 250
53 32o246 248 250
54 32o246 248 250
55 32o246 248 250
56 32o246 248 250
57 32o246 248 250
58 32o246 248 250
59 32o246 248 250
60 32o246 248 250
61 32o246 248 250
62 32o246 248 250
63 32o246 248 250

64|33